1.228068918997921564e-04 7.982447973486490574e-04 0.000000000000000000e+00 0.000000000000000000e+00 0.000000000000000000e+00 0.000000000000000000e+00 0.000000000000000000e+00 0.000000000000000000e+00 0.000000000000000000e+00 7.982447973486490574e-04 2.760084895447828882e-02 9.913586348610722299e-01 1.267367124405855139e-01 1.648682523754709667e-02 5.679818750365387553e-03 1.811401655521934287e-03 1.842103378496882373e-03 1.842103378496882373e-03 3.039470574519856014e-03 7.706132466711958229e-03
7.139491084278567178e-03 1.365271102081340102e-02 2.567711705749309292e-02 1.092216881665072081e-01 3.975569245877223490e-01 2.765613388436329312e-01 7.877238496320686512e-01 2.607793059204908115e-01 1.226238907282231200e-01 1.033347393777161033e-01 1.202440603667969260e-01 7.465152081105308479e-02 6.914033471090823280e-02 4.935016644220623777e-02 7.602931733608930820e-02 3.657423502823406447e-02 5.736643713332603006e-02 2.429932053245687992e-02 1.265067718442342698e-02 1.252542295487468088e-04
9.554657187055652645e-02 0.000000000000000000e+00 0.000000000000000000e+00 0.000000000000000000e+00 0.000000000000000000e+00 0.000000000000000000e+00 0.000000000000000000e+00 0.000000000000000000e+00 0.000000000000000000e+00 0.000000000000000000e+00 0.000000000000000000e+00 0.000000000000000000e+00 0.000000000000000000e+00 0.000000000000000000e+00 0.000000000000000000e+00 0.000000000000000000e+00 0.000000000000000000e+00 0.000000000000000000e+00 0.000000000000000000e+00 9.954249608100976809e-01
7.413799836826312495e-02 1.243988122086692599e-01 3.398211455456330854e-01 5.408644009072576669e-02 1.688552276003145794e-02 1.174071504408437383e-02 1.226838763033535722e-02 4.221380690007864485e-03 1.569825944096674836e-02 6.859743621262779679e-03 3.113268258880800068e-02 4.870417971096573928e-01 7.690827944608078504e-01 1.551357403577890148e-01 6.411221922949444929e-02 1.939196754472362685e-02 1.292797836314908515e-02 1.121304245783339044e-02 1.701744090659420422e-02 3.060501000255701903e-02
8.548991760817022112e-02 1.310141782604221927e-01 4.798693317594410895e-02 1.083575910424544424e-02 1.829413874742737449e-03 8.443448652658788224e-04 7.036207210548990187e-04 0.000000000000000000e+00 1.182082811372230265e-02 1.540929379110228883e-02 2.350093208323362701e-02 1.596515416073565896e-01 5.013297637516155314e-01 5.386920240396306792e-01 5.058329363663668365e-01 2.473930455229024772e-01 2.721604949040349331e-01 5.502314038649309957e-02 4.784620903173313067e-02 9.330010761187960966e-02
1.845797696522330777e-01 1.284569018380974925e-01 9.637901719951132984e-01 1.245068126056836713e-02 3.855287090835890235e-03 1.769639976121392417e-03 1.516834265246907662e-03 1.327229982091044204e-03 1.896042831558634578e-03 1.738039262262081660e-03 3.570880666102095157e-03 6.193739916424872809e-03 4.771707792755897071e-02 1.132569584717691147e-01 2.243650684011051083e-02 4.360898512584859311e-03 3.191672099790368242e-03 2.654459964182088409e-03 4.645304937318655257e-03 6.809953836681428840e-02
1.122260336847534512e-02 5.338092238937710773e-03 0.000000000000000000e+00 0.000000000000000000e+00 0.000000000000000000e+00 0.000000000000000000e+00 0.000000000000000000e+00 0.000000000000000000e+00 0.000000000000000000e+00 0.000000000000000000e+00 0.000000000000000000e+00 0.000000000000000000e+00 0.000000000000000000e+00 8.406444470768048409e-05 5.296060016583870565e-03 8.196283358998846663e-03 1.017179780962933905e-02 1.197918337084446921e-01 7.971831291629341010e-01 5.914354007408860747e-01
4.824605943693518334e-03 1.289567569996585318e-02 1.884752602302701419e-02 1.348184277723702730e-02 1.925333399959936603e-02 1.005501986395938852e-02 1.046082784053174036e-02 1.663812703946643268e-02 3.467403710934874317e-02 7.976381228405451940e-02 7.573278638343582392e-01 6.454601316259132027e-01 2.236452848665406584e-02 3.652271789151167927e-03 2.434847859434111951e-03 2.074129658036465672e-03 2.975925161530581370e-03 2.615206960132935091e-03 8.161249306621745983e-03 8.972865259766449678e-03
2.977428926668754944e-02 1.837555146161904893e-02 2.486104021277871570e-02 8.352523391645022555e-03 6.976813656550548415e-03 7.173343618706902111e-03 4.127129205283423287e-03 6.288958789003311345e-03 1.071088293752126344e-02 1.641025184005551543e-02 2.170673432016924087e-01 6.525777393401717141e-01 2.474312223548490175e-01 8.519573859477923283e-02 1.365883236986656542e-02 7.468138561941431788e-03 6.780283694394194718e-03 1.159526776722485421e-02 8.716103821634275939e-02 6.693810511045399370e-01
8.548991760817022112e-02 1.310141782604221927e-01 4.798693317594410895e-02 1.083575910424544424e-02 1.829413874742737449e-03 8.443448652658788224e-04 7.036207210548990187e-04 0.000000000000000000e+00 1.182082811372230265e-02 1.540929379110228883e-02 2.350093208323362701e-02 1.596515416073565896e-01 5.013297637516155314e-01 5.386920240396306792e-01 5.058329363663668365e-01 2.473930455229024772e-01 2.721604949040349331e-01 5.502314038649309957e-02 4.784620903173313067e-02 9.330010761187960966e-02
9.740092107403688915e-03 2.389079196155621809e-03 5.513259683436050329e-04 6.248360974560856606e-04 2.205303873374420186e-04 5.880810328998453467e-04 2.572854518936823595e-04 2.205303873374420186e-04 7.351012911248067105e-04 8.821215493497680743e-04 4.520872940417561096e-03 9.968341058297941482e-01 7.729590076177342284e-02 1.348910869214020244e-02 2.536099454380583065e-03 2.425834260711862232e-03 2.278814002486900976e-03 1.617222840474574676e-03 2.131793744261939287e-03 4.116567230298917753e-03
9.496492378349192798e-01 5.276956653923466772e-03 1.014799356523743727e-03 5.073996782618718634e-04 0.000000000000000000e+00 0.000000000000000000e+00 0.000000000000000000e+00 0.000000000000000000e+00 0.000000000000000000e+00 0.000000000000000000e+00 0.000000000000000000e+00 0.000000000000000000e+00 0.000000000000000000e+00 0.000000000000000000e+00 0.000000000000000000e+00 0.000000000000000000e+00 0.000000000000000000e+00 0.000000000000000000e+00 0.000000000000000000e+00 3.132685613588796492e-01
3.107049741815676516e-02 1.868626613591975461e-02 2.286319621336064048e-02 4.300039595512827884e-01 2.813931841644386547e-02 9.086654905309998406e-03 3.370855851969837853e-03 3.663973752141128082e-03 4.470047977612176537e-03 2.418222676413144499e-03 8.573698580010240614e-03 4.323489027526530859e-02 8.421277271921169261e-01 1.452399195348743066e-01 1.150487758172314204e-02 8.060742254710481086e-03 9.379772805481287334e-03 1.348342340787935141e-02 1.450200811097458464e-01 2.421153855414857337e-01
4.102438175584923906e-04 5.925744031400445762e-03 2.871706722909447059e-03 6.335987848958938261e-03 3.920107590003371612e-03 2.370297612560178305e-03 6.609483727331266593e-04 4.786177871515744737e-04 1.823305855815521856e-03 1.595392623838581651e-03 5.469917567446565786e-03 9.787505834017721229e-01 2.043697951137223023e-01 8.523954875937564055e-03 4.922925810701909120e-03 3.669403034828737885e-03 1.321896745466253319e-03 1.527018654245499568e-03 4.626638609131887049e-03 1.823305855815521856e-03
8.548991760817022112e-02 1.310141782604221927e-01 4.798693317594410895e-02 1.083575910424544424e-02 1.829413874742737449e-03 8.443448652658788224e-04 7.036207210548990187e-04 0.000000000000000000e+00 1.182082811372230265e-02 1.540929379110228883e-02 2.350093208323362701e-02 1.596515416073565896e-01 5.013297637516155314e-01 5.386920240396306792e-01 5.058329363663668365e-01 2.473930455229024772e-01 2.721604949040349331e-01 5.502314038649309957e-02 4.784620903173313067e-02 9.330010761187960966e-02
8.548991760817022112e-02 1.310141782604221927e-01 4.798693317594410895e-02 1.083575910424544424e-02 1.829413874742737449e-03 8.443448652658788224e-04 7.036207210548990187e-04 0.000000000000000000e+00 1.182082811372230265e-02 1.540929379110228883e-02 2.350093208323362701e-02 1.596515416073565896e-01 5.013297637516155314e-01 5.386920240396306792e-01 5.058329363663668365e-01 2.473930455229024772e-01 2.721604949040349331e-01 5.502314038649309957e-02 4.784620903173313067e-02 9.330010761187960966e-02
3.669363755587706256e-03 8.697751124356044652e-03 5.096338549427370523e-04 4.756582646132212055e-04 1.019267709885474050e-04 2.038535419770948101e-04 3.057803129656421880e-04 6.795118065903159885e-05 4.077070839541896202e-04 1.698779516475789903e-04 1.134784717005827767e-02 6.468952398739807874e-01 7.609852722004949444e-01 1.732755106805305978e-02 9.037507027651202687e-03 7.644507824141054918e-03 8.018239317765728583e-03 1.318252904785213037e-02 3.733917377213786387e-02 1.168760307335343571e-02
7.975378884057516410e-03 3.784107402093605521e-01 9.216809570878574664e-01 4.827203008771654286e-02 2.004338640598665386e-02 6.401290946414585174e-03 3.358054266971585537e-03 1.469148741800068835e-03 3.987689442028758205e-03 4.827203008771654806e-03 1.070379797597192928e-02 1.416679143878637678e-02 4.995105722120234126e-02 3.620402256578740541e-02 1.668533213901506745e-02 2.833358287757275270e-03 1.679027133485792769e-03 1.574087937642930802e-03 1.993844721014379102e-03 1.888905525171516919e-03
2.873490041470175575e-05 0.000000000000000000e+00 0.000000000000000000e+00 0.000000000000000000e+00 0.000000000000000000e+00 0.000000000000000000e+00 0.000000000000000000e+00 0.000000000000000000e+00 0.000000000000000000e+00 0.000000000000000000e+00 0.000000000000000000e+00 2.873490041470175575e-05 0.000000000000000000e+00 2.873490041470175575e-05 0.000000000000000000e+00 2.873490041470175575e-05 8.620470124410526726e-05 1.399389650195975547e-02 9.948022523569748365e-01 1.008595004556031571e-01
8.608491489766885441e-02 2.597495297225419497e-01 9.506587741118882606e-01 1.293846714089643031e-02 4.974448540912832124e-03 4.459850415990815158e-03 4.484355088606149092e-03 2.229925207995407579e-03 1.663867270581188482e-02 4.155992475560671418e-02 1.278163723615829139e-01 3.261571925100974906e-02 4.876429850451495518e-03 3.773719582761458913e-03 5.145981249220170752e-04 2.695513987686756134e-04 8.331588689213610460e-04 6.371214879986878332e-04 3.651196219684787938e-03 4.089829859499269360e-02
4.601911951757420988e-02 5.427133642621837471e-03 0.000000000000000000e+00 0.000000000000000000e+00 0.000000000000000000e+00 0.000000000000000000e+00 0.000000000000000000e+00 0.000000000000000000e+00 0.000000000000000000e+00 0.000000000000000000e+00 0.000000000000000000e+00 3.241411326278248461e-02 8.644754794028318701e-01 4.755804645459164037e-01 1.061636553652600540e-01 5.687338680281788655e-02 4.914157996949362894e-02 5.612994383807517335e-02 4.854682559769945421e-02 2.966337429323442909e-02
9.840035651326755131e-03 4.655500738262120623e-03 7.406478447235191999e-04 1.269682019526032976e-03 1.058068349605027525e-04 3.174205048815082440e-04 5.290341748025137762e-04 0.000000000000000000e+00 5.290341748025137762e-04 1.058068349605027525e-04 3.385818718736088081e-03 1.836806654914327763e-01 9.158639634181118261e-01 3.155159818522191850e-01 5.322083798513288500e-02 4.517951852813467672e-02 4.422725701349015243e-02 5.364406532497489194e-02 7.438220497723342650e-02 1.119436313882119088e-01
1.748036745297150418e-02 4.478441248281956298e-03 0.000000000000000000e+00 0.000000000000000000e+00 0.000000000000000000e+00 0.000000000000000000e+00 0.000000000000000000e+00 0.000000000000000000e+00 0.000000000000000000e+00 1.444658467187727663e-04 7.728922799454343052e-03 1.675803821937764115e-01 9.029837749156891524e-01 3.730108162278713002e-01 9.339716990368659988e-02 4.492887832953833260e-02 2.947103273062964476e-02 2.903763519047332722e-02 5.518595344657119955e-02 3.893354569070926058e-02
