1.550355045468048039e-02 8.875782635304575729e-02 1.408497558807721706e-01 1.039513057986326261e-01 8.054094461206509625e-02 7.061867232106959491e-02 5.612285264594334133e-02 6.263434383690914820e-02 5.449497984820188962e-02 4.511533182312019857e-02 5.922356273687943984e-02 5.883597397551242753e-02 9.503676428719134983e-02 9.681967258947959953e-02 1.548804690422579955e-01 2.061197032949770025e-01 1.879805492630008401e-01 2.836374555683793819e-01 3.563491072008308502e-01 7.765728422749452742e-01
7.192801560343633008e-03 1.493020095311328455e-01 6.946191221131851057e-01 6.571137996913932744e-01 2.049948444697935468e-01 7.398310176353450895e-02 7.131148975540686774e-02 5.291846862252815725e-02 5.302122293053306706e-02 4.325956367006670439e-02 4.069070596994397992e-02 2.373624514913398945e-02 1.921505559691798898e-02 1.120021957253508615e-02 9.864413568471267282e-03 4.726698168225815753e-03 6.884538636328905309e-03 5.856995556279815003e-03 4.212926628201271034e-03 1.911230128891308264e-02
1.653438170280680365e-04 2.480157255421020683e-04 0.000000000000000000e+00 3.306876340561360731e-04 7.440471766263060966e-04 1.488094353252612193e-03 2.397485346906986624e-03 6.035049321524483049e-03 1.008597283871215042e-02 1.537697498361032672e-02 5.778766405130977835e-02 3.528437055378971787e-01 7.754625018616390086e-01 5.083495654527951935e-01 9.432864761451281721e-02 4.141862616553104032e-02 3.067127805870661916e-02 2.000660186039623228e-02 7.605815583291129084e-03 2.232141529878918507e-03
3.405326371026446974e-01 4.954676161480471297e-01 5.252457948037762003e-01 5.165482079686870565e-01 2.812711132432234029e-01 8.668103489885502222e-02 4.348793417544596918e-02 2.329184271091682551e-02 1.916417438239991985e-02 1.916417438239991985e-02 2.063834164258452827e-02 2.225992562878759823e-02 5.837702350331052531e-02 3.390584698424600751e-02 2.255475908082452130e-02 3.538001424443062114e-03 1.769000712221531057e-03 1.326750534166148184e-03 1.326750534166148184e-03 6.486335944812280686e-03
7.652728786340869116e-02 2.458727192620835666e-01 2.203636233076139983e-01 1.261945307654132875e-01 1.636237650163639423e-01 3.165194055658949179e-01 5.374393019940113536e-01 4.849112259008512837e-01 4.182379190292003224e-01 1.536903164359630369e-01 1.064071011932546523e-01 4.553492829255781360e-02 3.647562318723217983e-02 2.900566985477068607e-02 3.369425758471991661e-02 1.462203631035015328e-02 2.503229042261031698e-02 1.827754538793769160e-02 1.335055489205883537e-02 4.084634056260857959e-02
1.735320983867691957e-01 1.263702356747541666e-01 3.847544262874068310e-02 6.281704918978070484e-02 3.656148566123955390e-02 2.591203279078454352e-02 2.659909426629776877e-02 3.356786066078906727e-02 2.439068238071953956e-02 2.066092008507630987e-02 1.874696311757518066e-02 1.825620492078001977e-02 2.885658197155551233e-02 4.637664959714279250e-02 1.194014692802628647e-01 3.011783053731907911e-01 7.912003648731598116e-01 4.506632521169970929e-01 4.200890164566584845e-02 6.428932378016619098e-02
7.099568032118097789e-03 5.301010797314845840e-02 1.378262807301859905e-01 1.324306090257762469e-01 1.238164664801396225e-01 1.719988681914477735e-01 2.143122936628716335e-01 2.524606392221195317e-01 2.196133044601864814e-01 2.242516889078369768e-01 1.982199394567372708e-01 1.892271532827210223e-01 1.488069459531953243e-01 1.820329243435080124e-01 6.867648809735572568e-01 2.978032137205804397e-01 6.560000861677121875e-02 5.017028076030122241e-02 4.165079912175950749e-02 9.077980990401673944e-02
1.871154078952493721e-02 1.100217691674580806e-01 3.791439019195918525e-01 8.294752858373205529e-01 3.674883890814241161e-01 1.324965248643734939e-01 4.923539503835891451e-02 2.169075259120907540e-02 1.374618778671803966e-02 6.167491098223303395e-03 4.651751760524356141e-03 2.979211801684137750e-03 1.463472463985190496e-03 1.620273085126460984e-03 1.933874327409001743e-03 6.272024845650816258e-04 5.749356108513248688e-04 4.704018634238112465e-04 3.658681159962976241e-04 9.930706005613792499e-04
1.867157252493491515e-01 6.775152771759729298e-01 5.659261443998327978e-01 2.212519426683518531e-01 1.443366218029235593e-01 9.273868741198329491e-02 7.732810434055580051e-02 5.847765897639896349e-02 6.659573398724023818e-02 5.957841491007235396e-02 5.916563143494483340e-02 5.104755642410356564e-02 7.237470263902553991e-02 1.181936683781804887e-01 1.644254175924629580e-01 1.358057633169547640e-01 1.192944243118538861e-01 5.834006448468979228e-02 2.022639028124858379e-02 3.508659538583937948e-02
7.652728786340869116e-02 2.458727192620835666e-01 2.203636233076139983e-01 1.261945307654132875e-01 1.636237650163639423e-01 3.165194055658949179e-01 5.374393019940113536e-01 4.849112259008512837e-01 4.182379190292003224e-01 1.536903164359630369e-01 1.064071011932546523e-01 4.553492829255781360e-02 3.647562318723217983e-02 2.900566985477068607e-02 3.369425758471991661e-02 1.462203631035015328e-02 2.503229042261031698e-02 1.827754538793769160e-02 1.335055489205883537e-02 4.084634056260857959e-02
3.066477936263268481e-03 1.470105598855625702e-02 1.352857913057324210e-02 1.740677181467090509e-02 1.930077289295115822e-02 2.462201401764330111e-02 2.660620562346071097e-02 2.344953715966028793e-02 3.535468679456473667e-02 3.030401725248406397e-02 3.788002156560507649e-02 4.410316796566877279e-02 5.880422395422502807e-02 1.397953176825901811e-01 2.438751864604669917e-01 5.037140962950104051e-01 6.003081512873033043e-01 3.990930843519106541e-01 2.629053877708066866e-01 2.579449087562631360e-01
1.267226711641581370e-03 5.430971621321063324e-04 1.629291486396318997e-03 2.715485810660531445e-03 1.810323873773687703e-03 1.810323873773687703e-03 1.810323873773687703e-03 1.629291486396318997e-03 9.232651756245807001e-03 1.647394725134055868e-02 2.299111319692583380e-02 3.439615360170006353e-02 3.638750986285112232e-02 6.734404810438118782e-02 4.545723247045729831e-01 7.013194686999265626e-01 4.806409884869140559e-01 1.681790878735755779e-01 1.164038250836481186e-01 1.439207479650081722e-01
4.937498842513673297e-02 7.705279883810070563e-02 8.762321889531307639e-02 1.077904676886787816e-01 1.300439835985995607e-01 2.201707230337787147e-01 4.258766607261089132e-01 3.311601336345086355e-01 1.713520725063900074e-01 1.037570179300056350e-01 1.032006800322576162e-01 1.019489197623245774e-01 1.296267301752885570e-01 1.997253052915390070e-01 2.808115538883128592e-01 3.913837110657317209e-01 3.421478071150320099e-01 3.465985102970161602e-01 1.301830680730365619e-01 1.089031434841748192e-01
6.122380827823253706e-03 1.365761876975956669e-02 7.692222065726651847e-03 1.514896794576779497e-02 7.927698251412161612e-02 1.010585296900312763e-01 8.316233957793253695e-02 5.718146709063128691e-02 5.565087188367547066e-02 4.623182445625508702e-02 4.736995935373504441e-02 3.987396744274632199e-02 4.803714187984399475e-02 5.400253858387690786e-02 5.572936394557064660e-02 4.583936414677923510e-02 5.777015755484506132e-02 1.041197201039428949e-01 2.974064225207988521e-01 9.223209732991941578e-01
7.652728786340869116e-02 2.458727192620835666e-01 2.203636233076139983e-01 1.261945307654132875e-01 1.636237650163639423e-01 3.165194055658949179e-01 5.374393019940113536e-01 4.849112259008512837e-01 4.182379190292003224e-01 1.536903164359630369e-01 1.064071011932546523e-01 4.553492829255781360e-02 3.647562318723217983e-02 2.900566985477068607e-02 3.369425758471991661e-02 1.462203631035015328e-02 2.503229042261031698e-02 1.827754538793769160e-02 1.335055489205883537e-02 4.084634056260857959e-02
7.652728786340869116e-02 2.458727192620835666e-01 2.203636233076139983e-01 1.261945307654132875e-01 1.636237650163639423e-01 3.165194055658949179e-01 5.374393019940113536e-01 4.849112259008512837e-01 4.182379190292003224e-01 1.536903164359630369e-01 1.064071011932546523e-01 4.553492829255781360e-02 3.647562318723217983e-02 2.900566985477068607e-02 3.369425758471991661e-02 1.462203631035015328e-02 2.503229042261031698e-02 1.827754538793769160e-02 1.335055489205883537e-02 4.084634056260857959e-02
6.071528717026079131e-02 3.589929343230692238e-01 6.965699309897191993e-01 6.884009650795386293e-02 3.709152088946841147e-02 1.174564828166499604e-02 4.459813821233701674e-03 1.457166892086259003e-03 1.015601167211635037e-03 8.831314497492478250e-04 1.103914312186559700e-03 1.368853747111334123e-03 6.226076720732197541e-03 1.209890086156469556e-02 1.192227457161484580e-02 1.289371916633901861e-02 1.342359803618856616e-02 2.238738225114343325e-02 6.729461647089268750e-02 6.084775688772317004e-01
1.167543846119232231e-01 3.443197745286016298e-01 8.032807321376890242e-01 4.593571828962318970e-01 9.720727044612612056e-02 3.790555247016059309e-02 1.664146206007050682e-02 1.083015784861731355e-02 7.924505742890716048e-03 4.490553254304739152e-03 4.754703445734430149e-03 3.301877392871131831e-03 1.452826052863298101e-03 1.849051340007833947e-03 2.905652105726596202e-03 1.320750957148452819e-03 2.113201531437524511e-03 1.320750957148452819e-03 2.113201531437524511e-03 1.096223294433215818e-02
1.089216471363392628e-04 1.089216471363392628e-04 5.446082356816963141e-05 2.178432942726785256e-04 3.812257649771874537e-04 4.356865885453570513e-04 7.079907063862052015e-04 3.757796826203704723e-03 2.281908507506307665e-02 4.650954332721686513e-02 4.106346097039990234e-02 3.741458579133253443e-02 4.280620732458133293e-02 4.640062168008052962e-02 6.208533886771338411e-02 1.137686604339063628e-01 2.478512080587400024e-01 5.592581972215339148e-01 7.659914834863058575e-01 1.117536099618840900e-01
7.003678791228656886e-02 6.650191229595889264e-02 7.700743048280188352e-02 8.642275338610455604e-02 8.543166676470427545e-02 2.893972934488822299e-02 2.021816707656574549e-02 1.777348674377838417e-02 2.001994975228568729e-02 2.487627419714706634e-02 3.290407583048934881e-02 4.463193418372601168e-02 1.383226561267659749e-01 9.105773515218653635e-01 3.247790858328722940e-01 7.142430918224695890e-02 3.739700184750395506e-02 2.210123165722627930e-02 2.157265212581279540e-02 5.566603190198247952e-02
5.336381223762981518e-03 2.878027975256577387e-01 7.685293433612551128e-01 3.234389704436681501e-01 4.321564319854157010e-01 1.747438732933911942e-01 5.245934084377168460e-02 2.894308460346023751e-02 1.971747638610728617e-02 1.401930660480105346e-02 8.773372520423884310e-03 4.612804108676475667e-03 3.798779854204156151e-03 4.160568411747409510e-03 2.894308460346023838e-03 1.266259951401385456e-03 1.537601369558825150e-03 1.447154230173011919e-03 1.718495648330451613e-03 1.655182650760382568e-02
9.296369042420755957e-02 6.777860044795380734e-01 6.928781932293530677e-01 2.250203419850886621e-01 2.284789685735879108e-02 1.498738188349682185e-02 7.755708107543809841e-03 6.498025711725894521e-03 5.030729583271660414e-03 7.860514973861969235e-03 1.006145916654332083e-02 8.070128706498288021e-03 7.022060043316693222e-03 3.039399123226628040e-03 2.934592256908468647e-03 2.829785390590309254e-03 5.030729583271660414e-03 6.393218845407735128e-03 2.305751058999510987e-03 6.288411979089575518e-04
1.819145833189176886e-01 8.418875082187472492e-01 4.660003709676384664e-01 1.708212503547061889e-01 8.014531134289037961e-02 4.453410479835634428e-02 3.528966066151342090e-02 2.749217299826330063e-02 2.146318769162661177e-02 1.004830884439448201e-02 1.069140061043572822e-02 6.672077072677935934e-03 9.565990019863546481e-03 6.832850014188247487e-03 8.520965900046520089e-03 6.028985306636688857e-03 7.395555309474338354e-03 5.305507069840286437e-03 5.305507069840286437e-03 1.760463709537913105e-02
